011875947010_01_P001, 19663017, 1618444, 84664, 21366125
011875950010_01_P001, 12336800, 613554, 970651, 13921005
011875953010_01_P001, 12349691, 482905, 973524, 13806120
011875964010_01_P001, 13807253, 10306, 760893, 14578452
011875971010_01_P001, 21556498, 46352, 17220, 21620070
011875972010_01_P001, 21161790, 357811, 244175, 21763776
011875981010_01_P001, 19793247, 1288685, 68720, 21150652
011875982010_01_P001, 19413570, 3751, 211031, 19628352
011875984010_01_P001, 21144238, 418571, 6352, 21569161
011875986010_01_P001, 16911266, 65009, 539725, 17516000
011875987010_01_P001, 18323606, 731691, 300607, 19355904
011875989010_01_P001, 20551368, 1086785, 27725, 21665878
011875990010_01_P001, 20180672, 1357792, 53568, 21592032
011875991010_01_P001, 21260619, 36154, 253716, 21550489
011875994010_01_P001, 17202398, 32039, 510692, 17745129
011875995010_01_P001, 17165381, 19687, 518607, 17703675
011875997010_01_P001, 16834845, 95727, 539608, 17470180
011875998010_01_P001, 21650815, 41568, 200977, 21893360
011875999010_01_P001, 17006584, 41355, 543011, 17590950
011876000010_01_P001, 17919464, 240072, 438554, 18598090
011876006010_01_P001, 15675083, 1620001, 500901, 17795985
011876007010_01_P001, 17777279, 5854, 362633, 18145766
011876008010_01_P001, 16889732, 102204, 536256, 17528192
011876009010_01_P001, 18387888, 1891310, 186082, 20465280
011876010010_01_P001, 16410571, 595672, 521949, 17528192
011876011010_01_P001, 17507849, 1079769, 311602, 18899220
011876012010_01_P001, 17472134, 924930, 368257, 18765321
011876013010_01_P001, 18813922, 303630, 317136, 19434688
011876014010_01_P001, 16912401, 380960, 406519, 17699880
011876015010_01_P001, 16837408, 43837, 463963, 17345208
011876016010_01_P001, 20757531, 32331, 287828, 21077690
011876017010_01_P001, 16943256, 52689, 532247, 17528192
011876018010_01_P002, 20039256, 1842413, 184627, 22066296
011876018010_01_P003, 20052277, 1829297, 184722, 22066296
011876020010_01_P001, 16757817, 198420, 539164, 17495401
011876021010_01_P001, 21146792, 359861, 43836, 21550489
011876024010_01_P001, 18312643, 1806702, 202523, 20321868
011876027010_01_P001, 16811158, 800516, 390534, 18002208
011876028010_01_P002, 15956994, 1733537, 3837109, 21527640
011876028010_01_P003, 15966959, 1721809, 3833728, 21522496
011876030010_01_P002, 14548413, 531590, 719092, 15799095
011876032010_01_P001, 16210344, 1029241, 489479, 17729064
011876033010_01_P001, 16299839, 786139, 525627, 17611605
011876035010_01_P001, 19460823, 1695916, 98957, 21255696
011876037010_01_P001, 18467806, 1399580, 629274, 20496660
012114017010_01_P001, 17846547, 1630156, 191297, 19668000
012114018010_01_P001, 17544384, 365294, 431846, 18341524
012114019010_01_P001, 17593536, 281022, 356076, 18230634
012114022010_01_P001, 20065670, 8880, 135570, 20210120
012114023010_01_P001, 17592536, 3320, 380768, 17976624
012114024010_01_P001, 15120159, 289757, 707155, 16117071
012114027010_01_P001, 17094715, 127760, 527325, 17749800
012114028010_01_P001, 20246395, 912134, 55949, 21214478
012114029010_01_P001, 15079823, 18464, 720383, 15818670
012114030010_01_P001, 18431777, 610143, 244189, 19286109
012114031010_01_P001, 18482077, 32643, 367022, 18881742
012114033010_01_P001, 16858139, 64487, 464477, 17387103
012114035010_01_P001, 21274264, 70003, 312253, 21656520
012114037010_01_P001, 18024009, 23502, 409114, 18456625
012114038010_01_P001, 21266138, 19473, 48475, 21334086
012114039010_01_P001, 18279669, 68605, 309670, 18657944
012114042010_01_P001, 18056785, 86579, 398852, 18542216
012114043010_01_P001, 19285752, 1934108, 95656, 21315516
012114044010_01_P001, 16958641, 109875, 526217, 17594733
012114045010_01_P001, 20021689, 1570511, 41415, 21633615
012114046010_01_P001, 21295971, 192737, 57594, 21546302
012114047010_01_P001, 19805286, 1807879, 11099, 21624264
012114050010_01_P001, 16996354, 52023, 542573, 17590950
012114051010_01_P001, 17568042, 1725070, 277838, 19570950
012114052010_01_P001, 19119528, 1548807, 104548, 20772883
012114053010_01_P001, 19290485, 1683184, 126630, 21100299
012114054010_01_P001, 17044149, 27658, 539798, 17611605
012114055010_01_P001, 17660530, 6764, 393802, 18061096
012114056010_01_P001, 17722543, 38698, 495157, 18256398
012114057010_01_P001, 18680815, 36473, 381702, 19098990
012114058010_01_P001, 18772239, 9125, 269779, 19051143
012579311010_01_P001, 20050507, 2192455, 24430, 22267392
012579316010_01_P001, 17433942, 1595820, 286810, 19316572
012579316010_01_P002, 11810557, 1129397, 6132684, 19072638
012579318010_01_P001, 18117490, 1855489, 160846, 20133825
012579324010_01_P001, 16484994, 1279593, 495665, 18260252
012579324010_01_P002, 14061874, 1111280, 3036465, 18209619
012579333010_01_P001, 18175443, 248749, 302402, 18726594
012579341010_01_P001, 17788912, 687689, 362379, 18838980
012579342010_01_P001, 9584132, 256350, 9690918, 19531400
012579346010_01_P001, 16842180, 1488404, 374711, 18705295
012579347010_01_P001, 9584131, 256313, 9690956, 19531400
012579348010_01_P001, 6543509, 18158, 7751673, 14313340
012579348010_01_P002, 6543567, 18974, 7750799, 14313340
012579349010_01_P001, 7277172, 72903, 1406914, 8756989
012579351010_01_P001, 17524978, 87433, 465779, 18078190
012579353010_01_P001, 17952952, 75457, 410944, 18439353
012579353010_01_P002, 13246829, 55978, 4821993, 18124800
012579354010_01_P001, 13347058, 64518, 1204496, 14616072
012579354010_01_P002, 13721640, 67347, 884398, 14673385
012579355010_01_P001, 20589779, 348310, 98556, 21036645
012579360010_01_P001, 21355047, 221084, 15901, 21592032
012579361010_01_P001, 19931735, 217044, 204359, 20353138
012579362010_01_P001, 20154385, 237737, 118663, 20510785
012579363010_01_P001, 21273914, 332620, 36434, 21642968
012579367010_01_P001, 17409760, 129160, 467115, 18006035
012579368010_01_P001, 20095641, 1544709, 21330, 21661680
012579369010_01_P001, 14694522, 492247, 639899, 15826668
012579370010_01_P001, 16266685, 1280913, 411980, 17959578
012579371010_01_P001, 21112169, 442335, 18846, 21573350
012579372010_01_P001, 19906562, 440349, 195289, 20542200
014221511010_01_P001, 16233153, 681492, 538731, 17453376
014221513010_01_P001, 19131202, 64314, 353660, 19549176
014221517010_01_P001, 20611835, 95561, 87932, 20795328
014221518010_01_P001, 17673745, 2733, 389330, 18065808
014225361010_01_P001, 17998840, 1725097, 227671, 19951608
014225369010_01_P001, 16385032, 589195, 541773, 17516000
014225370010_01_P001, 16048095, 1580424, 513405, 18141924
014225373010_01_P001, 17210321, 484118, 468461, 18162900
014225373010_01_P002, 17204768, 490064, 459500, 18154332
014225376010_01_P001, 16027462, 1461918, 495770, 17985150
014225378010_01_P001, 18325806, 1324221, 332565, 19982592
014225381010_01_P001, 16721361, 126847, 547280, 17395488
014225382010_01_P001, 16508301, 559204, 435442, 17502947
014225383010_01_P001, 19110648, 376583, 229384, 19716615
014225384010_01_P001, 18088470, 887201, 328102, 19303773
014225547010_01_P001, 15779344, 1528373, 492073, 17799790
014225548010_01_P001, 20520457, 1013062, 67857, 21601376
014225551010_01_P001, 16914082, 186804, 527599, 17628485
014225552010_01_P001, 18468551, 1683691, 151502, 20303744
014225555010_01_P001, 17264313, 12639, 539808, 17816760
014225561010_01_P001, 20879703, 368100, 44989, 21292792
014232220010_01_P001, 18218337, 310500, 283971, 18812808
014233127010_01_P001, 16771181, 572653, 493713, 17837547
014233127010_01_P002, 16759669, 575991, 498078, 17833738
014233130010_01_P001, 16516732, 555057, 531379, 17603168
014233132010_01_P001, 21497181, 68849, 21811, 21587841
014233135010_01_P001, 17981117, 1897488, 188075, 20066680
014233135010_01_P002, 17981033, 1897324, 188323, 20066680
014233314010_01_P001, 18656175, 1305412, 172238, 20133825
014416139010_01_P001, 18645696, 501030, 169846, 19316572
014418129010_01_P001, 18645694, 501151, 169727, 19316572
014418130010_01_P001, 18614450, 114564, 400291, 19129305
014418131010_01_P001, 16833397, 61536, 550044, 17444977
014418133010_01_P001, 18978908, 70470, 276032, 19325410
014418136010_01_P001, 19275409, 68982, 42031, 19386422
014418137010_01_P001, 18277117, 478702, 152143, 18907962
014418138010_01_P001, 10468289, 117708, 8140597, 18726594
014418138010_01_P002, 18723858, 223036, 343176, 19290070
014418139010_01_P003, 18443701, 382405, 294406, 19120512
014418141010_01_P001, 17227591, 55798, 521079, 17804468
014418142010_01_P001, 17457024, 137260, 475358, 18069642
014418145010_01_P001, 17244078, 57636, 532024, 17833738
014418146010_01_P001, 18493638, 150935, 112039, 18756612
014422355010_01_P001, 16771177, 572550, 493820, 17837547
014422355010_01_P002, 16759449, 576073, 498216, 17833738
014422445010_01_P006, 6263184, 295269, 8922285, 15480738
014422445010_01_P007, 14313495, 629813, 662632, 15605940
014422456010_01_P001, 18802105, 189432, 307365, 19298902
014422456010_01_P002, 18803113, 188854, 306935, 19298902
014462241010_01_P006, 19156873, 63416, 289359, 19509648
014462241010_01_P007, 19157068, 63493, 289087, 19509648
014462250010_01_P003, 13727002, 67692, 882146, 14676840
014462250010_01_P004, 8672497, 44400, 6001943, 14718840
014462251010_01_P004, 19026663, 1743607, 88346, 20858616
014462258010_01_P002, 15106138, 2248, 663160, 15771546
014462260010_01_P001, 14738519, 5683, 701363, 15445565
014462269010_01_P006, 9521624, 390558, 7164932, 17077114
014462269010_01_P007, 15838667, 630619, 587489, 17056775
014462555010_01_P003, 14396490, 868743, 736247, 16001480
014462565010_01_P004, 12737218, 383927, 3518972, 16640117
014522296010_01_P001, 19747041, 27998, 220575, 19995614
